2085801796
11493590
11452251
11520054
11520055
11622661
11615823
11615567
11615370
11550423
11550961
11550422
11550603
11550604
11550600
11404838
11629434
11629720
11630667
11289359
11653706
11631538
11636627
11634885
11631663
11289814
11634960
11634830
11636019
11636018
11631627
11634662
11636016
87996203
11399584
11522357
11559546
11485340
11522472
11523036
11558403
11523125
11523237
11485025
11278786
11278063
11278004
11561702
11609063
11399304
11609196
11551536
11580973
11472720
119345449
11284314
11282653
11284055
11282661
11257616
248642917
11514306
11514690
11514570
11514716
11443250
11271450
11272604
11330955
11309724
11393262
11467927
11507150
11506970
11546327
11474764
11290673
11474345
242629198
11291061
11474806
11474675
11291482
11420356
11512810
11512862
11613263
11613346
11513161
2088727147
11396956
11398213
59835197
11355782
11473702
11367803
11367775
11407081
11402805
11403450
11304026
11392660
11303985
11354122
11304566
11646153
119344212
123703227
2098782285
11363256
119111458
11363223
2096741794
164203831
2106381175
2089107501
116178449
11420113
11413130
11413223
11413200
11413116
11609789
11269693
11387589
11387440
11506056
11659118
11360122
11359297
11532866
11569061
11569023
11569062
11532424
11263571
11600982
11324725
11589423
11557628
11643970
11643421
11643403
11591596
11593082
11379628
11418217
11342973
11416931
11416927
11417849
11417856
11440014
11440299
11653875
11566312
11562125
11652981
11565274
11652665
11653377
11654004
11351859
11382252
11344630
11382002
11595147
2098786745
11387993
11388519
11387988
11532191
11492318
11450815
11450601
11305567
11650557
11646971
11646966
11648116
11647436
11514157
11514158
11402321
11514100
11514996
11514780
59835400
11524756
11305828
11647608
11303713
11557005
11647653
11603607
11605861
11269078
11268472
11269193
11268659
11565604
11444746
11335672
11445329
11445682
11424595
11371322
11535189
11494326
11416483
11450845
11451339
11356046
11447839
11374907
11411423
119346962
11336243
72262536
11334755
11408824
11612898
11612627
11612854
11275198
11395198
11395196
11395195
2087683585
11291975
11307635
164615481
11316000
11307614
11540340
11636213
87922551
11544896
11529286
11628744
11625182
11525470
11528969
11596888
11596958
11287724
11629298
11655764
11655208
11381694
11381529
11344222
11402562
11400426
11511684
11342551
11406551
11554691
11585882
11326595
11418761
11455577
11418755
11454907
11508050
164417465
11511830
11394956
11511881
11499323
11506020
11527675
11573553
11582205
11313916
11360327
11547843
11508585
11375985
11375617
115826532
164428773
11532749
11532787
11256731
11322605
11334646
11334815
11611430
11610711
11454369
11454360
11494379
11622943
11488407
11284211
11439377
11567770
11653967
11584850
11609179
11434837
92378862
11581077
11472687
11433672
11510624
72262134
11580858
11581402
11433113
11473278
11510331
11549476
11551323
11549481
87986706
11580820
11473036
11549323
11432811
11582626
11472629
11472307
11398324
11609118
11510277
64901550
11434122
52590954
11549638
11473107
11472093
11433363
11609253
11551228
11432715
11581281
11551532
11473105
11433214
11473279
11472326
11510537
11581283
11510713
11472503
59837409
11472848
11473076
11473378
11582628
11549332
11510467
11433247
11432783
11580772
11510452
11433350
11549386
11581019
11548427
11472486
11609041
11609122
11609354
11510748
59837842
11433189
11548586
11580885
11432544
11398810
11472999
11473341
11580884
72262029
11472128
11510320
11609115
11472163
11433118
11549380
11581518
11581436
11434203
11432411
11472108
11433509
11549657
11433448
11510584
11581049
11472176
11473172
11473137
11433381
11398503
11609007
164478028
11472191
11433394
11473302
11398320
11549484
11432517
11549422
11398708
11432930
11549440
11432505
11580862
11473091
11433334
11433987
11432516
11472101
11398719
11551295
11582645
54623801
11549477
11433513
11472703
11581441
11433534
11433450
11509606
11472416
11609110
11397886
11434043
11433117
11472419
11551511
11434118
11473248
11472934
11434088
11510565
11551519
11581305
11551516
11551570
11434158
11510742
11510371
11510248
11581408
11398896
11549470
11432519
11549328
11510651
11549121
11433643
11433273
11433622
11434212
11433687
11432453
11609413
11551274
11434080
11580876
11510236
11433393
11432748
11631882
11634951
72261905
121887135
11636507
11635438
11634906
11631413
11634715
11639730
11635216
11636708
11636564
11636754
11639784
123703282
11635925
11635916
11640201
11631485
11635235
11640080
11289726
11635578
11289401
11636733
11640233
59836493
11640167
164523289
11639615
11631623
11636603
11632247
11636667
11639678
11289714
11631484
11639520
11636586
11634952
104362862
11289508
11289414
87991952
164712887
11635416
11634964
87986999
11635260
11635261
11289690
11639523
11289619
11635829
11632005
11636745
11631802
11632191
11289537
11634675
11635446
11632249
11635940
11636469
11639684
11631867
11631578
104361431
11634928
11639752
11635320
11634932
11636629
11636651
11631560
11636402
11635088
11635203
11639491
11632241
11631758
11631739
11631516
11636596
11361698
59836067
2092952381
11314327
59836104
164205379
11361980
11361668
11313886
59835977
11399085
11577497
11313989
11360114
61261603
11252309
11361020
11361843
59836057
11252196
11582135
11577315
11361106
11314300
59835845
11577673
11252303
59836103
59835791
11314313
11314000
59836324
11314160
11577745
11398937
11398468
11577276
59836350
11314190
11314067
11361857
11577590
11314179
11314157
11252512
11577554
11582159
11577323
11361491
11361667
59836166
11361557
11398469
59836207
11398456
11361705
11361446
11361460
11252513
11577464
11577598
59836032
11574049
11398979
59836292
11573684
11313904
11398944
11577710
11573633
11314401
11361180
11314215
11577618
11361891
59836178
11360620
11361923
11577583
59836184
11399079
11574306
11398614
11313898
11314147
11522046
11441955
11481971
11522490
11523089
11442685
11522842
11522881
11560091
11481626
11523098
11523046
11484178
11523071
11442272
11522717
11522802
11523132
11522477
11523986
11522795
11522880
11522376
11522890
11523032
11522417
11523092
11522746
11523038
11522702
11521784
11522409
61279388
11409480
11482170
11481919
11409422
11481923
11522484
11409654
11559467
11482071
11410013
11484624
61279379
11522725
11409557
11484450
11485654
11409775
11559409
11484772
67416493
11523970
11409898
11521873
11521499
11409418
11409723
11558591
11522398
11485045
67416512
11484609
164592942
11442153
11522917
11409562
11483932
11559396
11484508
11523447
11484253
11523368
11484830
11484958
11558301
64903261
11522093
11522455
11409739
11441967
11409631
11522622
11523014
11522512
11557750
11522909
11442667
11442435
11522741
11410038
11484206
11522639
11523136
11442300
11409299
11522649
11558224
11409441
11522721
11523272
11409427
11409930
11523133
11485230
11521897
11442297
11409803
11521955
11484833
11521844
11522994
11484236
11409664
11409609
11481664
11483866
11370558
11523281
11484207
11442800
11484913
11441992
11409448
11557756
11481788
11522184
11441935
11524049
11522187
11559470
11482028
164305294
11522944
11522969
11484945
11409763
11484094
11523257
11409697
11342563
11343219
11342586
11343069
11342736
11344271
11344081
11344112
11343550
11343600
11343964
11343749
11343635
11343170
11342187
11343280
11343076
11344161
11342148
11343627
11343628
11400333
11512541
52560717
59835250
11400349
59835248
11512570
11531922
11533454
11531884
11416643
11491599
11451115
11531819
11533006
11491626
11491432
11532014
11493269
11532186
11532367
11451002
11451359
11451071
11493268
11491826
11567997
11491856
11492072
11567787
11533475
11451175
11451894
11533412
11533791
11531998
11531867
11492395
11416751
11450883
11532207
11531951
11531917
11532061
11450867
11377625
11451573
11534281
11533775
11531668
11533274
11417008
11532083
11453651
11533371
11567984
11533696
11451177
11416977
11450700
11532239
11534719
11533699
11531821
11531855
11533238
11533529
11533306
11533613
11533520
11450664
11492063
11568059
11532246
11514922
11524782
11524216
11403313
11519847
11519809
11403005
11524767
11514834
11524612
11514189
11514921
11402924
11402968
11524345
11402992
11524922
11520699
11524239
11524332
11524253
11402444
11524757
11520665
11515033
11520634
11514833
11520675
11515091
11402928
11524227
11524791
11524749
11524839
11514821
11514865
11520591
11524350
11514810
11402886
11514948
11402408
11524587
11402315
11515064
11402987
11515158
11524807
11515072
11520680
11524849
11519810
11514161
11487544
11444544
11487508
11527989
11527990
11487546
11527881
11412176
11527950
11528035
11412004
11487448
11487481
11528059
11507796
11506705
11507201
59837673
11546559
11546315
11468023
11546215
11468094
11468800
11506840
11546435
11546428
11546036
11546500
11546451
11468177
11546115
11506949
11506660
11506281
11507198
11506791
11507863
11506931
11507018
61279350
11507689
11506810
11468009
11546583
11546364
11506858
11546556
11507878
11507120
11507400
11507808
11546491
11507215
11546140
11467867
11506574
11506940
11507390
11506974
11507244
11506428
11545986
11507855
11546277
11507287
11546039
11546573
11546555
11506832
11546661
11468196
11507317
11507313
11506935
11330858
11332952
11330745
11410314
11272227
11372161
11330612
11442577
11271712
11410501
11443289
11371842
11410569
11328978
11373506
11371184
11442903
11272007
11372250
11410962
11410992
11330472
11409861
11332876
11443400
11372353
11373630
11372465
11372585
11371091
11371665
11330627
11372206
11372876
11410644
11410509
164309457
11442887
11329308
11372079
11372285
11410940
11410264
11442932
11372023
11370995
11372237
11329163
11409832
11372101
11371139
11443416
11410799
11410167
11410808
11410785
11443428
11330688
11410156
11372888
11443427
11329011
11410380
11410513
11272693
11410531
11372802
11371880
11272457
11272497
11442561
11330998
87992031
11271919
11410470
11371726
11330957
11270506
11609542
11269729
11328622
11328023
11328608
11270585
11269920
11327823
11327689
11270698
11270725
11327790
11327861
11270805
11269922
11269868
11270844
11269854
11271009
11270852
11270723
11270997
11269862
11327856
11609822
11651467
11627900
11652082
104362788
59852646
11257460
59847670
11257334
59854010
11257511
116178420
125934383
115826635
11644941
11557392
11647854
11303654
11556233
11553956
11556494
11435369
11304311
11437513
11306077
11556974
11647939
11554119
11557323
11556938
11647092
11556620
11553960
11647937
11556791
11647623
11645354
11556143
11303721
11556736
11647270
11556068
11556140
11557100
11559790
11526971
11591520
87992309
11591784
11618605
11559779
11259325
11590973
87986340
11526877
11559836
11644676
11277266
11547428
11510040
11609336
11432374
11471050
11510043
11549018
11471980
11579213
11513225
11513727
11513917
11514627
11512508
11512503
11514615
2094192967
11513169
11513183
11514754
11514367
121887047
11514744
11514671
11514355
11514362
11514688
11513235
11512506
11514457
11512591
11514737
11659044
11252991
11313575
11360942
11360092
11313855
11252647
11313019
11658510
11313232
11313325
11359842
11397608
11359405
11313504
11313388
11360366
11360728
11360857
11360504
11312809
11361265
11312838
11658780
11313036
11313228
11313497
11360575
11313299
11313831
11312623
11658811
11360383
11360259
11360818
11359736
11360416
11313609
11360843
11397574
11659088
11398630
11312904
11397614
11359689
11313289
11359698
11360321
11360559
11313585
11361160
11252639
11313201
11313143
11360951
11360581
11312993
11253035
11360080
11314444
11360775
11658721
11313230
11313158
11313274
11360741
11658812
11398642
11659077
11645719
11390719
11646040
11355027
11391885
11552020
11390654
11645076
11392984
11646039
11302783
11354851
11354818
11355019
11355154
11390638
11302781
11391081
11428464
11428397
11392100
11392254
11353238
11391617
11428086
11355503
11390835
11392604
11392570
11642499
11391060
104363362
11354785
11392290
11391995
11355069
11642239
11554168
11391618
11554449
11303071
11304102
11303288
11554559
11391740
11552006
11355200
11392153
11642424
11302760
11392185
11554406
11355203
11392691
11428416
11391670
11551996
11391838
11392005
11646045
11554436
116179591
11554177
87986261
11428513
11554295
11355529
11428688
11302842
11428689
11391692
11390857
11391269
11645432
11302941
11390771
11642305
11392096
11391698
11302696
11428078
11554233
11392785
11642428
11390937
11552003
11428478
11302917
11304123
11392289
59835667
11302628
11390883
11646099
11428455
11642226
11390729
11304696
11302780
11302871
11392839
11551974
11391037
11391639
11391318
11552019
11554517
11428442
11645113
104363216
11391970
92380069
11392830
11551918
11355634
11392736
11303068
11303232
11554569
11302934
11405013
11404720
11404734
11405090
11405392
11405168
11405230
11367473
11447574
11446917
11446990
11447477
11447501
11540167
11544487
11539757
11539920
11544929
11635646
87989989
11544379
11635730
11539774
11544336
11544648
11540089
11636170
11540301
11540494
11636318
11639932
11540007
11544753
11636331
11545098
11639429
11540139
11639838
11635815
11540563
11639235
11545249
11636456
11540299
11544664
11545348
11545237
11544779
11544778
11540224
11539860
11544280
11544844
11544723
11544564
11539904
11539679
11544838
11639252
11545295
11544265
11445157
11565453
11446056
11565712
11444965
11335767
11445603
11335820
11446068
11565055
11565121
11566147
11445908
11445358
11335891
11565243
11335911
11445237
11445150
11446217
11445825
11444869
11446090
11335744
11335518
11444782
11445766
11446202
11445748
11335467
11446140
11477201
11365784
59838060
72262350
59846084
11555036
11611910
11554981
11395854
11357020
11430828
11306869
11306980
11396015
11306902
11396482
11393294
11396678
11396416
11393556
11307102
11354967
11357170
11396502
11395940
62982914
11357970
11359149
11431555
11357011
11359166
11306892
11431288
11431605
11307149
11431603
11356665
11354732
11395999
11309794
11359097
11431449
11430861
11397558
11432240
11307164
11396699
11396675
11306736
11396747
11396721
11357700
11356990
11397050
11395865
11393213
11431337
11397403
11356840
11396788
11393537
11395907
11356706
11307217
11396361
11395977
11396775
11356938
11358173
11306711
11357966
11309750
11309716
11356934
11310572
11396177
11393289
11396456
11357743
11309766
11396322
11396378
11393635
11356592
11393276
11431611
11395956
11397512
11407704
11407609
11529064
11407887
2127079008
11407624
11407633
11528979
11528902
11528916
11407600
11528869
11528900
11407556
11528928
11407795
11528910
11407631
11528927
11528890
11407956
11528993
2102932790
11407629
164333493
11407748
11528861
11409061
11406029
11408989
11440683
11406515
11441150
11440962
11440938
11408460
11405933
11408341
11406129
11406332
11440912
11408047
11408714
11406061
11409005
11441017
11440896
11408637
11441805
11440713
11408153
11408051
11405903
11408542
11406758
11440680
11441079
11406164
11408820
11440997
11370104
11405793
11408966
11406489
11408962
11406380
11367323
11408743
11408718
11408399
11408207
11406034
11408307
11440917
11440824
11441028
11409011
11406235
11474516
11308192
11307441
11308267
11308019
11307704
11307489
11315956
11291960
11307401
11307969
11307807
11307812
11308207
11308133
11291829
11475169
11308507
11307332
11307787
11308045
11315280
11307380
11291831
11292056
11307342
11315242
11308067
11475250
11315249
11304666
11304902
11305078
11304995
11303497
11354413
11353925
11305040
11354153
11354215
11353912
11391492
11391483
11354121
11305512
11303871
11304982
11304425
11354483
11304725
11354172
11354181
11304843
11305375
11392679
11355432
11304759
11354557
11305492
11304076
11304728
11353924
11391423
11305204
11354627
11305258
11391556
11354345
11353309
11391416
11305065
11303806
11355614
11304357
11304514
11353897
11646041
11304927
11354093
11354426
11305421
11391560
11304763
11305203
11304007
11304567
11354242
11391461
11305430
11304749
11391427
11303813
11391457
11305284
11354017
11304538
11304325
11304393
11304834
11369884
11369934
11369990
11325807
11326655
11369986
11326677
11369167
11284533
11336571
11278613
11278505
11278296
11278208
11277923
11619751
11620595
11278799
11620108
11619627
11619657
11278325
11619658
11619792
11619760
11278766
11278239
11619660
11619429
11620804
11619572
11619478
11619499
11278493
11278582
11620209
11654935
11656828
11656876
11656317
11655951
11656201
11652459
11571119
11655670
11571175
11571122
11656631
11655107
11570892
11570849
11571158
11655334
11571269
11655684
11570813
11655131
11571227
11653048
11656170
11655388
11570923
11570970
11571209
11570935
11655188
11656888
11656374
11565552
11570902
11656705
11656885
11656434
11656187
11566055
11566020
11656129
11656858
11656405
11655289
11656315
11656135
11655674
11656636
11652566
11566030
11566006
11571628
11571243
11655132
11571159
11656384
11571624
11655848
11571736
11571168
11570803
11570786
11655160
11656349
11656362
11656327
11653065
11571511
11655304
11655590
11571715
11311159
11566330
11650293
104362447
11307030
11562273
11649828
11649044
11649583
11649554
11653557
11649512
11649351
11566756
11649528
11653185
11562137
116179947
11566276
11562421
11649989
11648997
11565890
11562188
2131716648
11652961
11649041
11652821
11653876
11653799
11649927
11649537
11306778
11649792
11648983
11562539
11562265
11566173
11306429
11561879
11566161
11649491
11649787
11561783
11562008
11649024
11650555
11565822
11566985
11652976
11652639
11562115
11649997
11565320
11653495
11306487
11562321
11653432
11562317
11648986
11565858
11440364
11562057
11649917
11653805
11650128
11652689
11652763
11649708
11565427
11562338
11653005
11650132
11565906
11562126
11653330
11561872
11566556
11566917
11649600
11653830
11566155
11648903
11650559
11566418
11566973
11440355
11653351
11566462
59835469
11566812
11652999
11649010
11565730
11650499
11566386
11653305
11566336
11650308
11653654
2093827396
11561824
11562590
11649436
11649772
11566814
11650256
11566438
11650133
11652591
11653284
11649657
11440452
11561955
11562326
11440301
11650332
11649149
11566223
11649413
11652833
92380933
11566565
11649701
11562454
11652917
11394231
11470792
64506169
11393798
11393965
11428343
11392950
11470767
11469411
11470557
11469205
11430614
11392949
11392797
11429256
11299699
11429772
11393907
116179662
11429301
11430009
11393008
11469348
11470337
11428928
11430751
11469377
11430515
11469606
11430708
11470677
11428344
11393838
11357400
11507984
11430491
11392934
11507972
11428588
11468340
11428330
11393074
11469752
11429959
11469829
11394095
11428562
11429637
11469276
11468274
62982827
11299732
11394097
11393084
11430078
11469402
11508207
11430643
11430369
11393874
11469765
11357318
11470629
11428336
11429689
11469815
11428946
11470652
11428848
11468526
11429025
11470786
11393639
11470508
11430358
59836812
11299871
11393701
11470314
11394163
11430389
11469419
11641682
11428847
11393501
11429939
11470546
11430502
11429069
11430120
11468390
11469504
62982809
11428315
11430393
11430068
11470688
11430004
11467835
11428877
11470242
11642368
62982824
11429086
11469508
11470362
11469519
11430063
11430011
11354898
11469911
11470684
11468479
11391133
11430622
11467580
11429712
11470558
11642435
11469725
11429732
11394161
11642395
11299706
11393949
87990945
11393937
11393908
11392925
11469530
11428327
11469769
11468367
11469450
11430720
11467824
11393454
11469852
11470819
11470691
11430191
11357395
11429656
11393815
11354958
11429138
11428830
11430457
164552991
104361180
11614678
11518483
11480310
11373644
11444405
11411740
87987170
11414028
11336411
119346878
11373739
11335009
11374241
11411648
11336285
11487352
11444494
11413823
11446665
11334605
72260831
11412106
11373835
87989856
87992759
11414039
11336252
11334594
11413964
11335017
11414189
87986585
164577492
11373935
11444460
11444398
11334989
11414118
11411431
11413924
11333739
11336114
11414030
11374154
11411641
72262332
11411494
11411566
11414184
11444509
11411243
11411454
11373814
11374738
11413751
11414245
59836933
11444437
11373893
11411764
87995221
11411644
11413894
11374935
11374789
11411294
11444513
119346392
11413903
11374943
11374753
11412178
11413794
11413940
11413810
11414414
11444371
11413872
11333698
11373876
11334676
11412030
11342298
11418013
11417950
11417945
11379998
11418383
11417155
11341237
11418093
11417883
11417104
11418206
11342764
11342746
11380747
11381410
11416525
11418009
11341808
11342794
11341824
11417235
11417665
11380845
11342784
11417873
11342977
11417143
11417970
11380143
11417082
11341184
11417839
11341791
11378652
11417668
11417546
11341598
11379956
11378591
11416846
11417666
11341964
11417642
11417289
11369668
11325673
11325682
11325328
11267773
11326368
11326250
11267769
11326149
11325094
11326167
11325312
11325314
11369555
11267349
11369590
11326439
11267282
11325371
11369036
11326210
11369071
11325209
11326261
11369548
11369514
11267516
11327082
11369463
11267398
11369430
11267511
11326305
11326093
11325675
11267762
11267319
11326391
11369484
11326100
11369436
11267395
11326411
11369525
11326217
11604400
11498513
11492731
11498571
11498974
11499022
11577356
11255613
11313723
11252344
11254264
11456663
11418997
11456820
11455305
11454783
11455618
11456430
11456173
11454784
11455213
11455317
11419255
11381795
11455612
11419291
11382644
11455019
11454605
11455427
11454844
11455444
11455575
11420777
11418924
11419114
11419545
11420713
11418880
11419717
11419120
11420787
11454832
11420899
11418943
11455629
11419175
11418984
11455438
11454592
11419135
11419053
164347174
11382085
11456108
11418951
11419727
11382138
11456895
11418988
11382140
11418823
11455419
11456821
11456233
11420745
11419427
11456533
11454811
11455622
11455204
11454798
11419589
11455126
11382578
11419551
11455738
11515234
11515194
11515433
11585789
11323848
11585776
11474820
11516618
2088980763
11517018
11517033
11516369
11323377
11474838
11516255
11515990
72261565
11336348
11335215
11335293
11336319
11335238
11336523
11335172
11335339
11335288
11344320
11381891
11345871
11345454
11345739
11344834
11345339
11345850
11383053
11383106
11345616
11383071
11345540
11381878
11345170
11383827
11344910
11345243
11345294
11345625
11344589
11344897
11344918
11345357
11345684
11381999
119345069
11382665
11344943
11345921
11382790
11344755
11382236
11346036
11381972
11345542
11382800
11382754
11345010
11345078
87992245
2085719406
11363109
11363066
11362976
11420637
87993898
164204090
164203770
11420491
11362967
11363007
11363234
11420499
11452845
11460190
11460068
11460637
11581875
11346871
11460241
11356150
11460649
11346634
11356232
11468846
11346628
11346868
11346675
11346795
11468830
11573739
11346803
11346778
11468859
11474089
11346745
11460023
11346879
11453139
11474120
11346753
11460177
11346786
11474202
11460245
11468948
11469086
11460707
11366959
11366700
11366661
11367202
11366526
11362179
11366525
11367086
11362171
2088311810
2098834011
11288267
11529488
11533951
11529527
11529552
11289366
11629499
11534044
11289355
11630552
11529540
11287929
11288301
11630856
11630861
11288385
11534028
11629415
11629691
11631273
11629754
11630987
11288387
11629779
11629346
11631093
11529574
11630020
11288279
59835605
11629340
11529476
11630660
11630854
11630615
11630897
11288400
11623355
11622908
11624437
11622312
11622807
11623404
11622202
11622842
11623172
11623570
11622302
11623313
164509182
11616840
11559948
11643550
11617279
11590554
11643404
11617912
11558907
11559391
11589810
11617305
11558553
11590005
11617799
11618085
11618074
11618161
11590178
11590916
11558867
11589497
11616901
11617916
11617649
11590485
11618469
11617823
11616791
11617973
11643450
11617420
11557490
11590885
11617586
11589654
11589429
11558928
11557866
11557658
11558435
11559075
11617544
11617717
11589612
11559132
11617866
11589788
72262591
11617429
11590892
11616897
11589940
11589610
11616761
11617736
87986147
11618155
11589900
11617642
11557835
11644036
11559087
11618242
11617367
11557711
11590929
87994730
11643417
11589959
11558939
11557468
11617688
11558488
11590784
11617600
11559212
11617760
11589507
164697312
11617394
11589413
11617142
11617575
11617914
11616887
11616747
11617450
11643702
11559268
11590140
11618101
11558582
11590851
11617533
11589928
11589618
11643482
11590214
11589301
11558438
11590114
123270832
11559020
11617937
11589678
11617995
11557703
11616982
11590526
87992927
11644027
11643372
11558891
11590527
11589739
11617890
11618149
11643728
11617702
11590561
11590786
11617019
11559004
11589946
11589875
11559107
11558849
11617677
11270599
11328377
61279291
11328476
11328364
11327618
11450566
11491364
11491957
11450564
11491526
11491381
11492009
11450617
11491758
11491985
11491350
11491519
11491368
11491794
11491868
11407428
11407137
11407328
11407465
11403376
11450230
11490717
87989385
11568651
11532926
11532413
11532480
59837904
11568232
11532622
11532977
11532484
11569026
11568975
11532929
11568681
11568421
11568195
11569228
11568707
11476738
11362616
11355723
11362786
11356117
11476649
11355871
52560652
11476282
52560651
11356090
11476830
164284374
11473922
11476436
11473694
11362862
11476681
11476275
11476804
11362796
11355931
11473740
11474072
11355670
11387922
11388941
11388199
11387867
11388443
11376506
11388578
2122397363
11387964
11387963
11387686
11388183
11388581
11388756
11388577
11388079
121887837
11388289
11388594
11323985
11418168
11454932
11454258
11417312
11454291
11454358
11454862
11453787
11417720
11494357
11454636
11454578
11454215
11418455
11454131
11494403
11417379
11417360
11454190
11494680
11418045
11454579
11454127
11454588
11418526
11418712
11417769
11418047
11418556
11418543
11454246
11454180
11454076
11454166
11454153
11417319
11418560
11546700
11546927
11547078
11546992
11546910
11578537
11253209
116178433
11508043
11578337
11547104
11547274
11507911
11508125
116179681
11578413
11508065
11547206
11546674
11547073
11508136
11508126
11251975
11546942
11528303
11625435
116179717
11525462
11525343
11624671
11625391
11525223
11528771
11528421
11528221
249412494
11624842
11528536
11625597
11628875
11625020
59835579
11529159
11529083
11628846
11628911
11625605
164514006
11624836
11628899
11528468
11528711
11625116
11628616
11528417
164514023
11625684
11528225
11528692
11625477
11628646
59835434
11525243
11528322
11525175
11528401
164431382
11529246
11625632
11625330
11529130
11624849
11525180
11625288
11625432
119344162
11529151
11529400
11628893
11628687
11529403
11625364
11528257
11624475
11628654
11467172
11391348
11466628
11612229
2085748543
11612716
11612201
11612205
11612206
11612199
11612737
11612256
11272813
11612456
11612928
2089048760
11272825
11612744
11615320
11612499
11612543
11612371
11612451
11612435
11612452
11613032
11612967
11275203
11612547
11612430
11614876
11612879
11615388
11612612
11612207
11612344
11612536
11612521
11612881
11326626
11327477
11326747
11326625
11327520
11326577
11327484
11327671
11326803
11328766
11326763
11327468
11370523
11326969
11327546
11327370
11370505
11327267
11327568
11327564
11328522
11328092
11519767
11519777
11519370
11519894
11622870
11622758
11520018
11520456
123704150
11519437
11519690
11520521
11519524
87987258
11520379
11519432
11520303
11270349
11328594
11271137
11611142
11328712
11271131
11610425
11610426
11610496
11270410
11271197
11611354
11421244
11383550
11383014
11383021
116179778
164712774
11368103
11368041
11367905
11368520
11368122
11368094
11367861
11368147
11368144
11368548
11368318
11368522
11368083
11367692
11368500
11368018
11368255
11368528
11367786
11545170
11545433
11544985
11545682
11545498
11545489
11545487
11527695
11527687
11562843
11646638
11562807
11646500
11646489
59838422
11621745
11562771
11527771
11621767
11646621
11621827
11593285
11646612
11527859
11268165
87988956
11604176
11270156
11270211
11605785
11269088
11605549
11268601
11604177
11269057
11270135
11603511
11268670
11270186
11269298
11268506
11604215
11604214
11268298
11269975
11269989
11269187
11269045
11603617
11269997
11268517
11269992
11605614
11603625
11603681
11268307
11269261
11605667
11269460
11268223
11270197
11268620
11605605
11605814
11605547
11268611
11268591
11269375
11603796
11269387
11603994
11604128
87994473
11269335
11269814
11270011
11268856
11269273
11270127
11603703
11269329
11560115
11485326
11486156
11526020
11442574
11442707
11523795
11655468
11656053
11573931
11655412
11655639
11309575
11309284
11571442
11574165
11656797
11658384
11654865
11658317
11656769
11571457
11655509
11658380
11309579
11571087
11655481
11654841
11573960
11573951
11658579
11658442
11573919
11655604
11656027
11658366
11659285
11570607
11291155
11290614
92380266
11290629
11474509
11290591
11474661
11292095
11474523
11474574
11475224
11290473
11290617
11291238
11291154
11291104
11474785
11291690
11290612
11291051
11290488
11291164
11290481
11290773
11290997
61279204
2090881589
11290677
11290494
87992294
11290782
11290914
11291157
11474218
11292074
11290723
11474792
164615146
11290775
164225172
11474698
11290506
11290818
11291702
62982625
11474630
11474454
58575915
11474679
11290743
11474451
11474755
11474653
11474599
11291076
11291329
11474689
11474282
11567454
11567709
11567438
11567483
11567718
11567450
11567502
11567857
11567624
11567567
11567694
11531487
11567916
11567850
11567956
119346176
59857700
11434583
11400019
59855092
11275340
11615037
11275294
11615705
11615400
11615978
11275696
11615796
11275724
11275836
11278190
11277855
11619782
11614984
11615573
11278161
11615022
11615958
11615168
11620224
11614944
11275245
11275168
11275282
11275445
11615710
11275884
11275564
11275585
11275430
11278162
11275471
11615028
11615403
11615455
11275584
11615668
11368017
11405472
11404938
11404602
11405623
11405525
11367912
11367978
11367987
11287100
11287586
11341113
11341787
11629518
11287625
11341150
11288167
11288432
11287543
11287685
11341654
11287426
11629276
11287740
11341762
11287761
11287719
11629245
11288417
11288431
11286980
11287851
11341077
11341826
11287879
11286270
11287460
11341794
11287858
11287627
11629048
11286289
11287535
11287522
11288437
11308940
11308262
11309160
11373287
11373103
11372990
11373288
11333251
11372640
11332790
11333328
11373027
11332817
11332746
11333395
11372748
11333377
11372761
11388892
11388869
11640282
11388846
11388100
11395530
11395465
11394788
164321252
11395227
11389021
11640281
11640308
11389058
11389061
11585132
11585941
164456331
11585642
104362075
11586092
11585241
11554709
87995269
11586320
2098876937
121886637
11478982
11478960
11483642
11483614
11479370
11482829
11479296
11286353
11287244
11287250
11286365
11287297
11473572
11473447
11475310
11256984
11475650
11473552
11583349
11583054
11473585
11476470
11585077
11584974
11583082
11583312
59835497
11583149
11583169
11583031
11583328
11585057
11585016
11585030
11476125
11473583
11583362
11473569
11583671
11476621
11476529
11476167
11476600
11476508
11473510
11476622
11476494
11323077
11368457
11368997
11368835
11325448
11369304
164267416
11324964
11325565
11368206
11322887
164573075
11322815
11322874
11368769
11322978
2087033815
2088922254
11358303
11358341
11396552
11357771
2087915097
2088321618
11398231
11397587
11312094
11309652
11397267
11311241
11396633
11359656
11312191
11312156
11311553
11397261
2087369639
11357580
11312418
11311402
87989899
11396896
2088926666
11310080
11311748
11310049
87994151
11398265
11313416
11311125
11357774
11311756
11282846
11620444
11620035
11284321
11620463
11282726
11282649
11282638
11620812
11282744
11620046
11284040
11282778
11284075
11623099
11284157
11620362
11620746
11622457
11622472
11619603
11621046
11284234
11622558
11619887
11619808
11622516
11620949
11282651
11620305
11621010
11284056
11622423
11620988
11622435
11620531
11613075
11513585
11513067
11613193
11513013
11513099
11613367
11613366
11612600
11513449
11512777
11513393
11513073
11513377
123273060
121888008
11613354
11612586
11512626
11612766
11512989
11615994
11512638
11513002
11512720
11613110
11613370
11512750
11512932
11513622
11512926
11513440
11512801
11513647
11613433
11512807
11613321
11513271
11513029
11513929
11513306
11513665
11513290
11336060
11336389
11411779
11374269
11336196
11374057
67337816
11336297
11374274
11374191
11336188
11374170
11588416
11588494
11479872
11588207
11480015
11588145
11588269
11588254
11588422
11588265
11479849
11588532
11588560
11584615
11587933
11475409
11479898
11475331
11588489
11479637
11588030
11588144
11405492
164657109
92380305
123270802
123270679
116179533
121888186
92378853
87991317
104362216
58729870
64582963
11439446
119344464
92380894
123270691
115826538
119345441
61279370
119344881
11439419
64619265
11481578
87995027
61261629
115826531
104362425
115826544
11481583
164362557
164712581
115826533
121887952
11439340
64821638
119346307
11521459
115826534
104362541
55720825
11492593
11532838
11532894
11532698
11532840
11532832
11492563
11492416
11492270
11318543
11318932
11318701
11318526
11318787
11318872
11318655
11318491
11318657
11318762
11318880
11318814
11318628
11318785
11318711
11305603
11650706
11648102
11648084
11647435
11306846
11306253
11307034
11307283
11647421
11647771
11650619
11650621
11648046
11647333
11647460
11647796
11305935
11650705
11307257
11647408
11475874
11479471
11362403
11475441
11479495
11479439
11362086
11475451
11362066
11476040
11475494
11475609
11479787
11476036
11479477
11479116
11479571
11475479
11479215
11366469
11479451
11362099
11394978
11394910
11488382
87991973
11488696
11488682
11446492
11446502
11446571
11446554
11616524
11616637
249412499
11616680
87996522
11557425
11616698
87991484
11643120
11616683
11616413
11642961
249412510
11257654
11616416
11643104
11643084
119345118
11643095
87990890
11642957
11257413
11616502
11642998
11616739
104360730
11616688
11642816
11616434
11589202
11588807
11588861
11589023
11642997
11642947
11256760
81843798
11364888
72261886
52560575
11256740
59836639
164262677
11364919
11256662
11400842
11256828
11401071
11256688
11400870
11256726
87992017
11364766
11400711
11256686
50881356
11364795
11256851
46327016
11401069
11256672
11256790
11400884
11256691
87994429
11400654
11256723
11510859
11511085
11511430
11511635
11511445
11511593
11511660
11511301
11394307
11394334
11381474
11344389
11381465
11344191
11381445
11381681
11381570
11381357
11343302
11344217
11381722
11381526
164281849
11344124
11381953
11413247
11413276
11419939
11420337
11420053
11420175
11412531
11420126
11419932
11413100
11413170
11413208
11420297
11351454
11352441
11296933
11352727
11352638
11352052
11298012
11298011
11352023
11352391
11352240
11390351
11352416
11351450
11352085
11353077
11352492
11493347
11454038
62982976
67344856
11453876
11493589
11453816
11493330
11453898
11453975
11493548
11587612
87991384
11592377
11592590
11592182
11592204
11592127
11592240
11626282
11596818
11625771
87990666
11625837
164491264
11626169
11625851
11290329
11290243
11289977
11290411
11290084
11344431
11505881
87993461
11388164
11334207
11334518
11333521
11333415
11333176
11333448
11334548
11451624
11451416
11451250
11451381
11451252
11406530
11406814
11440669
11406533
11406790
11406632
11439839
11369731
11482299
11405828
11406249
11440552
11484306
11369708
11439837
11368862
11370148
11406874
11406552
11408897
11441242
11439688
11484365
11441632
11439701
11441735
11369687
11369788
11406845
11439470
11406728
11441737
11441222
87986754
11406778
11441559
11369703
11441442
11405727
11441457
11482281
11484472
11484123
11406899
11441499
11441449
11439525
11369706
11406888
11440747
11441258
11406786
11441502
11609830
11387283
11499160
11609886
11498798
11609892
11436837
11440404
11437391
11451787
11451753
11416448
11416184
11416504
11415497
11416366
11416466
11416430
11570291
11573784
11453209
11453435
11570413
11570318
11453268
11452967
11570466
11452674
11347004
11570481
11453319
11453213
11570756
11453505
11453300
11453127
11570265
11570865
11452726
11452973
11377650
11525287
121888350
11521099
11623532
62982658
11524504
11597217
11598003
11597724
11597650
11597293
11597508
11597751
11597872
11597685
11597849
11597757
11597824
11309407
11306404
11309396
11653970
11583379
11583631
11473826
11583633
11583420
11511815
11512383
11395473
11394655
164653039
11512389
121886563
11597079
11596882
11597077
11597529
11597167
11597179
11596971
11596909
11596942
11272105
11271809
11271403
11271881
11316283
11355810
11356023
11355856
11355976
11355952
11494402
11494390
11494294
11494278
11494406
11340153
11340103
52560634
11402730
11400420
11535205
11535160
11534920
11534823
11535194
11534993
11494430
11535077
11534905
11534871
11535151
11535131
11534763
11494319
11534802
11535176
11568140
11568177
11568593
11568151
11568592
11568361
11377409
11377219
2095958420
119346132
164325548
164325551
242630081
67344684
11456796
11455658
11455635
11454843
11419260
11457099
11456494
11611624
11375904
11376320